7450-880413
OS REV: 1.05 Sensor Cal: 1705523842
Time (sec),  BV (Volts),  T (deg C),  DO (mg/l),  Q ()
1723049580,+3.53,+22.157, +7.963,+0.891
1723049640,+3.53,+22.382, +7.461,+0.891
1723049700,+3.53,+22.382, +7.797,+0.892
1723049760,+3.53,+22.340, +8.143,+0.892
1723049820,+3.53,+22.265, +8.335,+0.892
1723049880,+3.53,+22.248, +8.436,+0.891
1723049940,+3.53,+22.232, +8.503,+0.892
1723050000,+3.53,+22.207, +8.550,+0.893
1723050060,+3.53,+22.198, +8.553,+0.892
1723050120,+3.53,+22.157, +8.566,+0.891
1723050180,+3.53,+22.165, +8.576,+0.891
1723050240,+3.53,+22.157, +8.597,+0.893
1723050300,+3.53,+22.148, +8.589,+0.892
1723050360,+3.53,+22.140, +8.605,+0.893
1723050420,+3.53,+22.131, +8.601,+0.892
1723050480,+3.53,+22.123, +8.602,+0.892
1723050540,+3.53,+22.131, +8.599,+0.892
1723050600,+3.53,+22.131, +8.600,+0.892
1723050660,+3.53,+22.123, +8.605,+0.892
1723050720,+3.53,+22.115, +8.605,+0.892
1723050780,+3.53,+22.106, +8.614,+0.893
1723050840,+3.53,+22.115, +8.606,+0.893
1723050900,+3.53,+22.115, +8.604,+0.893
1723050960,+3.53,+22.106, +8.607,+0.893
1723051020,+3.53,+22.098, +8.601,+0.892
1723051080,+3.52,+22.090, +8.629,+0.893
1723051140,+3.52,+22.090, +8.616,+0.893
1723051200,+3.52,+22.081, +8.614,+0.892
1723051260,+3.53,+22.098, +8.615,+0.893
1723051320,+3.52,+22.090, +8.611,+0.892
1723051380,+3.52,+22.081, +8.609,+0.892
1723051440,+3.52,+22.090, +8.595,+0.892
1723051500,+3.52,+22.081, +8.609,+0.893
1723051560,+3.52,+22.081, +8.616,+0.893
1723051620,+3.52,+22.073, +8.619,+0.893
1723051680,+3.52,+22.073, +8.616,+0.892
1723051740,+3.52,+22.073, +8.613,+0.893
1723051800,+3.52,+22.073, +8.605,+0.892
1723051860,+3.52,+22.073, +8.609,+0.892
1723051920,+3.52,+22.073, +8.613,+0.893
1723051980,+3.52,+22.073, +8.630,+0.893
1723052040,+3.52,+22.073, +8.615,+0.893
1723052100,+3.52,+22.073, +8.606,+0.893
1723052160,+3.52,+22.073, +8.605,+0.892
1723052220,+3.52,+22.073, +8.610,+0.893
1723052280,+3.52,+22.056, +8.618,+0.892
1723052340,+3.52,+22.065, +8.603,+0.892
1723052400,+3.52,+22.065, +8.623,+0.893
1723052460,+3.52,+22.048, +8.622,+0.893
1723052520,+3.52,+22.048, +8.621,+0.893
1723052580,+3.52,+22.048, +8.622,+0.893
1723052640,+3.52,+22.048, +8.622,+0.893
1723052700,+3.52,+22.056, +8.622,+0.893
1723052760,+3.52,+22.056, +8.606,+0.892
1723052820,+3.52,+22.048, +8.618,+0.893
1723052880,+3.52,+22.039, +8.621,+0.892
1723052940,+3.52,+22.031, +8.628,+0.893
1723053000,+3.52,+22.056, +8.630,+0.893
1723053060,+3.52,+22.031, +8.624,+0.893
1723053120,+3.52,+22.039, +8.622,+0.893
1723053180,+3.52,+22.048, +8.625,+0.893
1723053240,+3.52,+22.031, +8.624,+0.892
1723053300,+3.52,+22.031, +8.569,+0.892
1723053360,+3.52,+21.839, +8.637,+0.891
