7450-880413
OS REV: 1.05 Sensor Cal: 1705523842
Time (sec),  BV (Volts),  T (deg C),  DO (mg/l),  Q ()
1723054140,+3.35,+26.632, +7.955,+0.899
1723054200,+3.36,+26.589, +7.960,+0.899
1723054260,+3.36,+26.488, +7.974,+0.899
1723054320,+3.37,+26.344, +7.984,+0.898
1723054380,+3.37,+26.167, +8.002,+0.898
1723054440,+3.38,+25.998, +8.014,+0.897
1723054500,+3.38,+25.838, +8.030,+0.896
1723054560,+3.39,+25.644, +8.072,+0.897
1723054620,+3.39,+25.467, +8.088,+0.896
1723054680,+3.39,+25.307, +8.117,+0.897
1723054740,+3.39,+25.164, +8.125,+0.896
1723054800,+3.40,+25.072, +8.134,+0.897
1723054860,+3.40,+24.988, +8.150,+0.897
1723054920,+3.40,+24.921, +8.155,+0.897
1723054980,+3.40,+24.895, +8.150,+0.896
1723055040,+3.41,+24.963, +8.124,+0.896
1723055100,+3.41,+25.089, +8.107,+0.897
1723055160,+3.41,+25.257, +8.071,+0.896
1723055220,+3.41,+25.400, +8.029,+0.896
1723055280,+3.41,+25.450, +8.026,+0.896
1723055340,+3.41,+25.417, +8.039,+0.897
1723055400,+3.41,+25.392, +8.048,+0.897
1723055460,+3.42,+25.265, +8.065,+0.896
1723055520,+3.42,+25.156, +8.087,+0.896
1723055580,+3.42,+25.030, +8.122,+0.897
1723055640,+3.42,+24.912, +8.132,+0.896
1723055700,+3.42,+24.778, +8.161,+0.896
1723055760,+3.43,+24.643, +8.183,+0.896
1723055820,+3.43,+24.509, +8.205,+0.896
1723055880,+3.43,+24.400, +8.214,+0.896
1723055940,+3.43,+24.266, +8.248,+0.896
1723056000,+3.43,+24.140, +8.265,+0.896
1723056060,+3.43,+24.006, +8.274,+0.895
1723056120,+3.43,+23.880, +8.301,+0.896
1723056180,+3.43,+23.788, +8.316,+0.896
1723056240,+3.44,+23.662, +8.325,+0.895
1723056300,+3.44,+23.579, +8.329,+0.895
1723056360,+3.44,+23.461, +8.366,+0.895
1723056420,+3.44,+23.361, +8.365,+0.895
1723056480,+3.43,+23.277, +8.395,+0.896
1723056540,+3.44,+23.185, +8.395,+0.895
1723056600,+3.44,+23.102, +8.430,+0.896
1723056660,+3.44,+23.026, +8.437,+0.896
1723056720,+3.44,+22.943, +8.448,+0.896
1723056780,+3.44,+22.859, +8.560,+0.896
1723056840,+3.44,+22.633, +8.563,+0.894
1723056900,+3.45,+22.474, +8.599,+0.894
1723056960,+3.45,+22.382, +8.603,+0.895
1723057020,+3.45,+22.290, +8.612,+0.894
1723057080,+3.44,+22.207, +8.625,+0.893
1723057140,+3.44,+22.157, +8.650,+0.894
1723057200,+3.44,+22.098, +8.664,+0.893
1723057260,+3.45,+22.340, +9.052,+0.891
1723057320,+3.45,+19.504,+11.590,+0.887
1723057380,+3.46,+18.193,+12.112,+0.888
1723057440,+3.45,+17.442,+12.326,+0.888
1723057500,+3.46,+16.934,+12.491,+0.889
1723057560,+3.46,+16.586,+12.701,+0.890
1723057620,+3.46,+16.407,+12.806,+0.891
1723057680,+3.46,+16.220,+12.841,+0.891
1723057740,+3.46,+16.049,+12.937,+0.892
1723057800,+3.46,+15.938,+12.974,+0.892
1723057860,+3.46,+16.722, +9.920,+0.896
1723057920,+3.46,+17.940, +9.335,+0.894
1723057980,+3.46,+18.143, +9.288,+0.895
1723058040,+3.46,+19.328, +9.450,+0.899
1723058100,+3.45,+21.070, +9.167,+0.902
1723058160,+3.45,+22.600, +8.866,+0.903
1723058220,+3.45,+23.880, +8.757,+0.906
1723058280,+3.45,+24.904, +8.604,+0.906
1723058340,+3.45,+25.316, +8.488,+0.906
1723058400,+3.45,+25.114, +8.476,+0.905
1723058460,+3.45,+25.509, +8.177,+0.903
1723058520,+3.45,+24.182, +8.369,+0.901
1723058580,+3.45,+23.654, +8.417,+0.899
1723058640,+3.45,+23.185, +8.468,+0.898
1723058700,+3.45,+22.775, +8.535,+0.898
1723058760,+3.46,+22.399, +8.576,+0.897
1723058820,+3.45,+22.165, +8.565,+0.898
1723058880,+3.45,+22.048, +8.572,+0.897
1723058940,+3.45,+21.948, +8.580,+0.896
1723059000,+3.45,+21.839, +8.599,+0.896
1723059060,+3.46,+21.747, +8.620,+0.897
1723059120,+3.46,+21.680, +8.628,+0.897
1723059180,+3.46,+21.588, +8.641,+0.896
1723059240,+3.46,+21.504, +8.648,+0.896
1723059300,+3.46,+21.446, +8.668,+0.896
1723059360,+3.46,+21.387, +8.677,+0.896
1723059420,+3.46,+21.329, +8.683,+0.896
1723059480,+3.46,+21.270, +8.694,+0.896
1723059540,+3.46,+21.229, +8.701,+0.896
1723059600,+3.46,+21.203, +8.697,+0.895
1723059660,+3.46,+21.162, +8.711,+0.896
1723059720,+3.46,+21.111, +8.720,+0.896
1723059780,+3.46,+21.111, +8.720,+0.896
1723059840,+3.46,+21.178, +8.698,+0.895
1723059900,+3.46,+21.304, +8.653,+0.894
1723059960,+3.46,+21.446, +8.622,+0.894
1723060020,+3.46,+21.588, +8.604,+0.895
1723060080,+3.46,+21.697, +8.582,+0.895
1723060140,+3.46,+21.747, +8.564,+0.894
1723060200,+3.46,+21.764, +8.563,+0.894
1723060260,+3.46,+21.730, +8.577,+0.895
1723060320,+3.46,+21.730, +8.583,+0.895
1723060380,+3.46,+21.697, +8.597,+0.895
1723060440,+3.46,+21.672, +8.587,+0.894
1723060500,+3.46,+21.655, +8.598,+0.895
1723060560,+3.46,+21.630, +8.603,+0.895
1723060620,+3.46,+21.621, +8.615,+0.895
1723060680,+3.46,+21.613, +8.597,+0.894
1723060740,+3.46,+21.563, +8.613,+0.895
1723060800,+3.46,+21.555, +8.609,+0.894
1723060860,+3.46,+21.555, +8.600,+0.893
1723060920,+3.46,+21.546, +8.611,+0.894
1723060980,+3.46,+21.555, +8.609,+0.894
1723061040,+3.46,+21.555, +8.608,+0.894
1723061100,+3.46,+21.538, +8.620,+0.895
1723061160,+3.46,+21.546, +8.606,+0.894
1723061220,+3.46,+21.555, +8.614,+0.894
1723061280,+3.46,+21.580, +8.622,+0.895
1723061340,+3.46,+21.580, +8.606,+0.894
1723061400,+3.46,+21.596, +8.614,+0.895
1723061460,+3.46,+21.613, +8.606,+0.894
1723061520,+3.47,+21.546, +8.630,+0.894
1723061580,+3.47,+21.479, +8.698,+0.894
