7450-880413
OS REV: 1.05 Sensor Cal: 1705523842
Time (sec),  BV (Volts),  T (deg C),  DO (mg/l),  Q ()
1723133880,+3.42,+21.187, +8.596,+0.892
1723133940,+3.42,+21.254, +8.607,+0.893
1723134000,+3.42,+21.245, +8.616,+0.893
1723134060,+3.43,+21.237, +8.625,+0.893
1723134120,+3.43,+21.195, +8.639,+0.893
1723134180,+3.43,+21.111, +8.662,+0.893
1723134240,+3.43,+21.078, +8.657,+0.893
1723134300,+3.43,+20.986, +8.684,+0.893
1723134360,+3.43,+20.919, +8.704,+0.893
1723134420,+3.43,+20.827, +8.712,+0.893
1723134480,+3.43,+20.769, +8.731,+0.893
1723134540,+3.44,+20.677, +8.755,+0.894
1723134600,+3.44,+20.601, +8.767,+0.893
1723134660,+3.44,+20.559, +8.777,+0.894
1723134720,+3.44,+20.576, +8.772,+0.893
1723134780,+3.44,+20.643, +8.760,+0.894
1723134840,+3.44,+20.769, +8.735,+0.893
1723134900,+3.44,+20.928, +8.706,+0.893
1723134960,+3.44,+21.086, +8.678,+0.894
1723135020,+3.45,+21.279, +8.643,+0.894
1723135080,+3.45,+21.471, +8.606,+0.893
1723135140,+3.44,+21.688, +8.568,+0.893
1723135200,+3.44,+21.872, +8.546,+0.894
1723135260,+3.44,+22.098, +8.523,+0.895
1723135320,+3.45,+22.315, +8.501,+0.896
1723135380,+3.45,+22.533, +8.433,+0.894
1723135440,+3.45,+22.750, +8.409,+0.894
1723135500,+3.44,+22.943, +8.392,+0.895
1723135560,+3.44,+23.135, +8.343,+0.894
1723135620,+3.45,+23.336, +8.319,+0.895
1723135680,+3.45,+23.453, +8.300,+0.894
1723135740,+3.45,+23.570, +8.292,+0.895
1723135800,+3.45,+23.646, +8.282,+0.895
1723135860,+3.45,+23.721, +8.249,+0.893
1723135920,+3.45,+23.830, +8.242,+0.894
1723135980,+3.45,+23.931, +8.223,+0.894
1723136040,+3.45,+24.039, +8.189,+0.893
1723136100,+3.45,+24.207, +8.175,+0.894
1723136160,+3.45,+24.341, +8.154,+0.895
1723136220,+3.45,+24.425, +8.135,+0.894
1723136280,+3.46,+24.459, +8.131,+0.894
1723136340,+3.46,+24.434, +8.138,+0.894
1723136400,+3.46,+24.434, +8.151,+0.895
1723136460,+3.45,+24.383, +8.151,+0.894
1723136520,+3.45,+24.358, +8.151,+0.894
1723136580,+3.45,+24.299, +8.158,+0.894
1723136640,+3.45,+24.249, +8.162,+0.893
1723136700,+3.45,+24.199, +8.160,+0.893
1723136760,+3.46,+24.157, +8.184,+0.894
1723136820,+3.46,+24.073, +8.195,+0.893
1723136880,+3.46,+24.031, +8.200,+0.893
1723136940,+3.46,+23.972, +8.207,+0.893
1723137000,+3.46,+23.897, +8.227,+0.893
1723137060,+3.46,+23.855, +8.232,+0.894
1723137120,+3.46,+23.679, +8.314,+0.892
1723137180,+3.46,+23.453, +8.347,+0.891
1723137240,+3.46,+23.235, +8.398,+0.891
1723137300,+3.46,+23.035, +8.441,+0.892
1723137360,+3.46,+22.834, +8.473,+0.892
1723137420,+3.47,+22.650, +8.509,+0.892
1723137480,+3.47,+22.508, +8.562,+0.893
1723137540,+3.47,+22.349, +8.565,+0.892
1723137600,+3.46,+22.190, +8.611,+0.892
1723137660,+3.46,+22.056, +8.617,+0.892
1723137720,+3.47,+21.839, +8.649,+0.891
1723137780,+3.47,+21.663, +8.663,+0.891
1723137840,+3.47,+21.496, +8.720,+0.891
1723137900,+3.47,+21.471, +8.736,+0.892
1723137960,+3.47,+21.479, +8.705,+0.891
1723138020,+3.47,+21.496, +8.709,+0.891
1723138080,+3.47,+21.496, +8.721,+0.892
1723138140,+3.47,+21.421, +8.736,+0.892
1723138200,+3.47,+21.337, +8.726,+0.892
1723138260,+3.47,+21.245, +8.721,+0.891
1723138320,+3.47,+21.178, +8.733,+0.892
1723138380,+3.47,+21.120, +9.236,+0.890
1723138440,+3.47,+18.900, +9.235,+0.889
1723138500,+3.48,+19.211, +9.052,+0.890
1723138560,+3.48,+19.261, +9.054,+0.891
1723138620,+3.47,+17.586,+10.130,+0.885
1723138680,+3.48,+16.458,+10.279,+0.886
1723138740,+3.48,+15.810,+10.255,+0.887
1723138800,+3.48,+15.390,+10.266,+0.887
1723138860,+3.48,+15.133,+10.392,+0.888
1723138920,+3.48,+14.926,+10.384,+0.889
1723138980,+3.48,+14.771,+10.359,+0.889
1723139040,+3.48,+14.694,+10.421,+0.890
1723139100,+3.48,+14.659,+13.785,+0.895
1723139160,+3.48,+15.989, +9.696,+0.893
1723139220,+3.48,+16.305, +9.627,+0.893
1723139280,+3.48,+16.637, +9.556,+0.893
1723139340,+3.48,+16.942, +9.513,+0.894
1723139400,+3.48,+17.214, +9.450,+0.893
1723139460,+3.48,+17.459, +9.400,+0.893
1723139520,+3.47,+17.704, +9.375,+0.895
1723139580,+3.47,+17.881, +9.322,+0.893
1723139640,+3.48,+18.025, +9.305,+0.894
1723139700,+3.48,+18.168, +9.282,+0.894
1723139760,+3.48,+18.328, +9.239,+0.893
1723139820,+3.48,+18.463, +9.211,+0.893
1723139880,+3.47,+18.580, +9.207,+0.895
1723139940,+3.47,+18.715, +9.171,+0.893
1723140000,+3.47,+18.824, +9.158,+0.894
1723140060,+3.47,+18.959, +9.135,+0.894
1723140120,+3.47,+19.051, +9.115,+0.894
1723140180,+3.48,+19.328, +9.073,+0.895
1723140240,+3.47,+19.655, +9.010,+0.895
1723140300,+3.47,+19.948, +8.964,+0.895
1723140360,+3.48,+20.292, +8.916,+0.895
1723140420,+3.47,+20.693, +8.839,+0.895
1723140480,+3.47,+21.020, +8.789,+0.895
1723140540,+3.47,+20.944, +8.813,+0.895
1723140600,+3.47,+20.919, +8.832,+0.895
1723140660,+3.47,+21.697, +8.739,+0.897
1723140720,+3.47,+21.203,+11.078,+0.892
1723140780,+3.48,+18.992,+13.619,+0.891
1723140840,+3.48,+18.058,+14.496,+0.892
1723140900,+3.48,+17.484,+14.775,+0.891
1723140960,+3.48,+17.112,+14.943,+0.892
1723141020,+3.48,+16.892,+14.985,+0.892
1723141080,+3.48,+16.713,+15.131,+0.893
1723141140,+3.48,+17.315, +9.411,+0.893
1723141200,+3.48,+17.670,+11.201,+0.895
1723141260,+3.48,+17.180,+14.335,+0.892
1723141320,+3.48,+16.866,+14.770,+0.893
1723141380,+3.48,+16.679,+14.944,+0.891
1723141440,+3.48,+16.569,+15.106,+0.894
1723141500,+3.48,+16.492,+15.124,+0.894
1723141560,+3.48,+17.061, +9.469,+0.893
1723141620,+3.48,+17.408, +9.438,+0.895
1723141680,+3.48,+17.239,+14.249,+0.894
1723141740,+3.48,+18.320, +9.455,+0.897
1723141800,+3.47,+18.782, +9.143,+0.894
1723141860,+3.48,+18.698, +9.171,+0.895
1723141920,+3.48,+18.707, +9.183,+0.895
1723141980,+3.48,+18.723, +9.401,+0.896
1723142040,+3.48,+20.442, +9.161,+0.899
1723142100,+3.47,+21.688, +8.953,+0.901
1723142160,+3.47,+21.663, +8.785,+0.897
1723142220,+3.47,+21.588, +9.596,+0.895
1723142280,+3.48,+20.409,+11.315,+0.895
1723142340,+3.47,+20.041, +8.954,+0.895
1723142400,+3.47,+19.856, +8.966,+0.894
1723142460,+3.47,+19.806, +8.967,+0.893
1723142520,+3.47,+19.873, +8.948,+0.893
1723142580,+3.47,+19.957, +8.907,+0.893
1723142640,+3.48,+20.082, +8.873,+0.893
1723142700,+3.48,+20.275, +8.837,+0.894
1723142760,+3.48,+20.493, +8.779,+0.892
1723142820,+3.48,+20.685, +8.725,+0.892
1723142880,+3.47,+21.020, +8.664,+0.892
1723142940,+3.48,+21.245, +8.593,+0.892
1723143000,+3.48,+21.354, +8.591,+0.893
1723143060,+3.48,+21.463, +8.552,+0.894
1723143120,+3.48,+21.605, +8.529,+0.893
1723143180,+3.47,+21.789, +8.517,+0.893
1723143240,+3.47,+22.090, +8.475,+0.894
1723143300,+3.48,+22.357, +8.420,+0.893
1723143360,+3.48,+22.566, +8.402,+0.894
1723143420,+3.47,+22.733, +8.388,+0.895
1723143480,+3.47,+22.817, +8.380,+0.895
1723143540,+3.47,+22.867, +8.367,+0.894
1723143600,+3.47,+22.917, +8.389,+0.895
1723143660,+3.47,+23.060, +8.384,+0.895
1723143720,+3.47,+23.328, +8.347,+0.895
1723143780,+3.48,+23.612, +8.318,+0.895
1723143840,+3.47,+23.914, +8.278,+0.895
1723143900,+3.47,+24.148, +8.258,+0.896
1723143960,+3.47,+24.274, +8.240,+0.895
1723144020,+3.47,+24.350, +8.229,+0.896
1723144080,+3.47,+24.375, +8.218,+0.895
1723144140,+3.47,+24.367, +8.224,+0.896
1723144200,+3.47,+24.341, +8.236,+0.896
1723144260,+3.47,+24.291, +8.227,+0.896
1723144320,+3.47,+24.232, +8.214,+0.894
1723144380,+3.47,+24.182, +8.214,+0.894
1723144440,+3.47,+24.115, +8.225,+0.894
1723144500,+3.47,+24.056, +8.255,+0.895
1723144560,+3.47,+23.989, +8.257,+0.895
1723144620,+3.47,+23.947, +8.253,+0.894
1723144680,+3.48,+23.880, +8.259,+0.894
1723144740,+3.48,+23.830, +8.268,+0.894
1723144800,+3.48,+23.788, +8.266,+0.894
1723144860,+3.48,+24.509, +8.232,+0.895
1723144920,+3.48,+23.420, +8.354,+0.893
