7450-880413
OS REV: 1.05 Sensor Cal: 1705523842
Time (sec),  BV (Volts),  T (deg C),  DO (mg/l),  Q ()
1723062180,+3.36,+26.784, +7.997,+0.897
1723062240,+3.36,+26.902, +7.989,+0.897
1723062300,+3.37,+25.669, +7.790,+0.891
1723062360,+3.38,+24.392, +8.086,+0.892
1723062420,+3.39,+23.595, +8.233,+0.892
1723062480,+3.39,+23.168, +8.323,+0.892
1723062540,+3.40,+22.867, +8.397,+0.892
1723062600,+3.40,+22.683, +8.443,+0.892
1723062660,+3.41,+22.549, +8.484,+0.893
1723062720,+3.41,+22.449, +8.523,+0.893
1723062780,+3.41,+22.416, +8.531,+0.893
1723062840,+3.42,+22.382, +8.539,+0.893
1723062900,+3.42,+22.374, +8.526,+0.894
1723062960,+3.42,+22.366, +8.477,+0.894
1723063020,+3.42,+22.374, +8.413,+0.894
1723063080,+3.42,+22.332, +8.346,+0.895
1723063140,+3.43,+22.324, +8.211,+0.893
1723063200,+3.43,+22.324, +8.104,+0.894
1723063260,+3.43,+22.307, +7.959,+0.893
1723063320,+3.43,+22.290, +7.813,+0.894
1723063380,+3.43,+22.299, +7.609,+0.894
1723063440,+3.43,+22.290, +7.412,+0.894
1723063500,+3.44,+22.290, +7.179,+0.894
1723063560,+3.44,+22.282, +6.925,+0.894
1723063620,+3.44,+22.290, +6.677,+0.894
1723063680,+3.44,+22.282, +6.433,+0.894
1723063740,+3.44,+22.290, +6.169,+0.894
1723063800,+3.44,+22.290, +5.913,+0.895
1723063860,+3.44,+22.282, +5.612,+0.894
1723063920,+3.44,+22.240, +5.326,+0.894
1723063980,+3.44,+22.265, +5.002,+0.894
1723064040,+3.44,+22.282, +4.706,+0.894
1723064100,+3.45,+22.282, +4.418,+0.894
1723064160,+3.45,+22.248, +4.131,+0.894
1723064220,+3.45,+22.274, +3.842,+0.894
1723064280,+3.45,+22.265, +3.547,+0.894
1723064340,+3.45,+22.265, +3.243,+0.894
1723064400,+3.45,+22.282, +2.943,+0.895
1723064460,+3.45,+22.274, +2.657,+0.895
1723064520,+3.45,+22.257, +2.383,+0.894
1723064580,+3.45,+22.274, +2.124,+0.894
1723064640,+3.45,+22.257, +1.901,+0.893
1723064700,+3.45,+22.265, +1.691,+0.893
1723064760,+3.45,+22.274, +1.482,+0.891
1723064820,+3.45,+22.282, +1.277,+0.890
1723064880,+3.45,+22.265, +1.087,+0.889
1723064940,+3.45,+22.274, +0.912,+0.888
1723065000,+3.46,+22.257, +0.754,+0.887
1723065060,+3.46,+22.274, +0.618,+0.886
1723065120,+3.46,+22.282, +0.519,+0.885
1723065180,+3.46,+22.282, +0.469,+0.885
1723065240,+3.46,+22.274, +0.442,+0.884
1723065300,+3.46,+22.274, +0.416,+0.884
1723065360,+3.46,+22.265, +0.385,+0.883
1723065420,+3.46,+22.282, +0.352,+0.883
1723065480,+3.46,+22.282, +0.320,+0.883
1723065540,+3.46,+22.274, +0.289,+0.883
1723065600,+3.46,+22.282, +0.261,+0.883
1723065660,+3.46,+22.282, +0.241,+0.882
1723065720,+3.46,+22.290, +0.229,+0.882
1723065780,+3.46,+22.282, +0.218,+0.882
1723065840,+3.46,+22.299, +0.202,+0.883
1723065900,+3.46,+22.290, +0.184,+0.883
1723065960,+3.47,+22.299, +0.171,+0.883
1723066020,+3.46,+22.290, +0.167,+0.883
1723066080,+3.47,+22.282, +0.161,+0.883
1723066140,+3.47,+22.290, +0.152,+0.883
1723066200,+3.47,+22.290, +0.141,+0.883
1723066260,+3.47,+22.299, +0.131,+0.883
1723066320,+3.47,+22.274, +0.121,+0.883
1723066380,+3.47,+22.290, +0.112,+0.882
1723066440,+3.47,+22.290, +0.112,+0.882
1723066500,+3.47,+22.290, +0.114,+0.883
1723066560,+3.47,+22.282, +0.114,+0.883
1723066620,+3.47,+22.307, +0.114,+0.882
1723066680,+3.47,+22.307, +0.113,+0.883
1723066740,+3.47,+22.324, +0.112,+0.883
1723066800,+3.47,+22.299, +0.106,+0.883
1723066860,+3.47,+22.307, +0.097,+0.882
1723066920,+3.47,+22.290, +0.094,+0.882
1723066980,+3.47,+22.315, +0.093,+0.882
1723067040,+3.47,+22.307, +0.094,+0.882
1723067100,+3.47,+22.315, +4.469,+0.894
1723067160,+3.47,+22.349, +8.503,+0.895
